alpha= 0.01
tp1= [0.23300000000000018, 0.46800000000000036, 0.7030000000000005, 0.9380000000000007, 1.1729999999999816, 1.4079999999999557, 1.6429999999999298, 1.877999999999904] theta1= [0.51838899296091745, 1.0714847335489639, 1.6245804742136347, 2.1776762149650848, 2.7307719558134793, 3.2838676967689597, 3.8369634378416713, 4.3900591790417707]
alpha= 0.005
tp2= [0.23700000000000018, 0.47600000000000037, 0.7150000000000005, 0.9540000000000007, 1.1929999999999794, 1.432999999999953, 1.6719999999999267, 1.9109999999999003] theta2= [0.20920989547645044, 0.45312639552991774, 0.6970428931806808, 0.94095938033641235, 1.1848758489046294, 1.4461429263212864, 1.690059403350304, 1.9339758957069744]
alpha= 0.002
tp3= [0.23900000000000018, 0.48100000000000037, 0.7230000000000005, 0.9650000000000007, 1.2069999999999779, 1.4479999999999513, 1.6899999999999247, 1.931999999999898] theta3= [0.043959200411256623, 0.13997521732220894, 0.2359912050665004, 0.33200719631379166, 0.42802322373383267, 0.50668892693160639, 0.60270492308150092, 0.69872090884786353]
alpha= 0.001
tp4= [0.24000000000000019, 0.4830000000000004, 0.7260000000000005, 0.9680000000000007, 1.2109999999999774, 1.4539999999999507, 1.695999999999924, 1.9389999999998973] theta4= [-0.0018043739376791337, 0.048447896759019331, 0.09870017918016942, 0.13160228662811319, 0.18185455967452357, 0.23210683869413484, 0.26500894687315113, 0.31526122261112738]
alpha= 0.003
tp5= [0.23900000000000018, 0.47900000000000037, 0.7200000000000005, 0.9610000000000007, 1.2019999999999784, 1.4429999999999519, 1.6839999999999253, 1.9249999999998988] theta5= [0.10875150649199421, 0.23485913199833766, 0.37831718283690113, 0.52177522042731195, 0.66523324916127025, 0.80869127343038638, 0.95214929762625367, 1.0956073261404642]
alpha= 0.0005
tp6= [0.2410000000000002, 0.4840000000000004, 0.7270000000000005, 0.9700000000000008, 1.2129999999999772, 1.4559999999999504, 1.6989999999999237, 1.9429999999998968] theta6= [-0.015419212472151162, 0.0038680524020329766, 0.02315532400130127, 0.042442596788135084, 0.061729865225020338, 0.081017123774421426, 0.10030436689870627, 0.13694178240137872]
alpha= 0.0002
tp7= [0.2410000000000002, 0.4840000000000004, 0.7280000000000005, 0.9710000000000008, 1.214999999999977, 1.4579999999999502, 1.7009999999999235, 1.9449999999998966] theta7= [-0.033816815694095316, -0.032927166840251813, -0.014687431083210712, -0.013797764733939457, 0.0044419777473609567, 0.0053316176531439351, 0.0062212669659417697, 0.02446100241975575]
